1010 1100 1001 0010 1101 0101 0100 1000
1001 0100 0001 0010 0101 1010 1010 1110
1111 1010 0110 0010 0000 0010 1010 1110
1010 1110 1010 0101 0101 1010 0101 1010
1001 0100 1110 1011 1101 1001 1000 0010
0101 0100 0001 0000 1001 0100 1000 1001
0100 0101 0000 1010 1110 1011 0011 1010
1000 1010 0101 0101 1010 1010 1010 0010
1010 1100 1001 0010 1101 0101 0100 1000
1001 0100 0001 0010 0101 1010 1010 1110
1111 1010 0110 0010 0000 0010 1010 1110
1010 1110 1010 0101 0101 1010 0101 1010
1001 0100 1110 1011 1101 1001 1000 0010
0101 0100 0001 0000 1001 0100 1000 1001
0100 0101 0000 1010 1110 1011 0011 1010
1000 1010 0101 0101 1010 1010 1010 0010